version https://git-lfs.github.com/spec/v1
oid sha256:f690d18f506810774dd3d5fbff64bf32fa8da82f0ff0a45520f76cf42c60830b
size 78711
